Monthly
1990
7.9210
8.1111
8.3500
8.4045
8.3164
8.0962
7.9410
7.7791
7.7632
7.5514
7.3135
7.0505
6.6443
6.2668
6.3960
6.2359
6.1305
6.3585
6.3055
5.7782
5.5725
5.3336
4.8895
4.3781
4.1510
4.2874
4.6345
4.2990
4.1895
4.1659
3.5959
3.4719
3.1843
3.3024
3.6821
3.7114
3.4963
3.3858
3.3330
3.2443
3.3635
3.5364
3.4748
3.4436
3.3562
3.3920
3.5790
3.6073
3.5425
3.8658
4.3191
4.8158
5.3143
5.2673
5.4765
5.5622
5.7629
6.1145
6.5400
7.1362
7.0505
6.6968
6.4317
6.2658
5.9977
5.6423
5.5940
5.7526
5.6200
5.5905
5.4329
5.3070
5.0876
4.9420
5.3424
5.5377
5.6368
5.8100
5.8509
5.6668
5.8330
5.5500
5.4232
5.4719
5.6124
5.5253
5.7955
5.9882
5.8695
5.6919
5.5418
5.5648
5.5238
5.4564
5.4572
5.5250
5.2445
5.3084
5.3895
5.3790
5.4400
5.4086
5.3582
5.2052
4.7110
4.1214
4.5253
4.5186
4.5142
4.7026
4.7813
4.6900
4.8490
5.0968
5.0319
5.1977
5.2514
5.4290
5.5535
5.8423
6.1215
6.2180
6.2222
6.1505
6.3264
6.1727
6.0825
6.1830
6.1255
6.0124
6.0919
5.6025
4.8148
4.6842
4.2986
3.9765
3.7814
3.5762
3.6171
3.4704
2.8247
2.3305
2.1820
2.2155
2.1586
2.2326
2.5670
2.4759
2.3541
2.1965
1.9609
1.7573
1.7150
1.6500
1.4916
1.4500
1.3643
1.2963
1.2400
1.2671
1.1814
1.0095
1.1164
1.3086
1.2376
1.2541
1.3367
1.3059
1.2395
1.2437
1.1874
1.4338
1.7775
2.1152
2.0952
2.0159
2.1167
2.2280
2.5000
2.6705
2.8605
3.0295
3.3023
3.3167
3.3310
3.3632
3.6410
3.8722
3.8452
4.1755
4.3340
4.3529
4.4450
4.6847
4.7735
4.8974
4.9950
5.1550
5.2175
5.0826
4.9745
5.0100
5.0110
4.9415
5.0571
5.0537
4.9205
4.9324
4.9091
4.9624
4.9643
4.4722
4.1368
4.0968
3.4990
3.2630
2.7114
2.0535
1.5440
1.7382
2.0557
2.4195
2.2818
2.1771
1.9129
1.4205
1.0667
0.4945
0.4445
0.6226
0.6441
0.5476
0.5015
0.5136
0.4786
0.4590
0.4048
0.3748
0.3132
0.3714
0.3458
0.3458
0.3957
0.4450
0.3710
0.3182
0.2914
0.2591
0.2567
0.2280
0.2520
0.2941
0.2735
0.2863
0.2591
0.2465
0.1881
0.1809
0.1850
0.1148
0.1048
0.1145
0.1120
0.1152
0.1150
0.1610
0.1900
0.1833
0.1918
0.1890
0.1857
0.1835
0.1758
0.1795
0.1785
0.1585
0.1452
0.1574
0.1475
0.1245
0.1186
0.1420
0.1218
0.1268
0.1185
0.1214
0.1216
0.1329
0.1162
0.1168
0.1281
0.1076
0.0967
0.1048
0.1114
0.1071
0.1095
0.1045
0.1344
0.2145
0.1955
0.2242
0.2536
0.2336
0.2410
0.2755
0.2968
0.3757
0.3733
0.2633
0.4768
0.6536
0.6100
