Quarterly
1980
8.1111
8.0962
7.5514
6.2668
6.3585
5.3336
4.2874
4.1659
3.3024
3.3858
3.5364
3.3920
3.8658
5.2673
6.1145
6.6968
5.6423
5.5905
4.9420
5.8100
5.5500
5.5253
5.6919
5.4564
5.3084
5.4086
4.1214
4.7026
5.0968
5.4290
6.2180
6.1727
6.0124
4.6842
3.5762
2.3305
2.2326
2.1965
1.6500
1.2963
1.0095
1.2541
1.2437
2.1152
2.2280
3.0295
3.3632
4.1755
4.6847
5.1550
5.0100
5.0537
4.9624
4.0968
2.0535
2.4195
1.4205
0.6226
0.5136
0.3748
0.3458
0.3182
0.2280
0.2863
0.1809
0.1145
0.1610
0.1890
0.1795
0.1574
0.1420
0.1214
0.1168
0.1048
0.1045
0.2242
0.2755
0.2633
