Monthly
1990
7.8981
8.0021
8.1700
8.0405
8.0068
7.9867
7.8748
7.6943
7.5979
7.4000
7.2905
6.9495
6.4105
6.1163
6.0935
5.8255
5.6336
5.7510
5.7509
5.4977
5.3735
5.1441
4.6895
4.1843
3.9062
3.9500
4.1386
3.8390
3.7190
3.7450
3.2795
3.1990
2.9686
2.9329
3.2058
3.2914
3.0711
2.9926
3.0143
2.9305
3.0250
3.1445
3.1110
3.0905
3.0086
3.0920
3.1795
3.1277
3.0445
3.3305
3.5909
3.7805
4.2676
4.2491
4.4565
4.6117
4.7514
5.1020
5.4490
5.7648
5.9015
5.9395
5.9104
5.8379
5.8477
5.6391
5.5930
5.5657
5.4340
5.4443
5.5181
5.2940
5.1505
4.9645
5.0976
5.0877
5.1536
5.2315
5.2982
5.1891
5.2375
5.1232
5.1695
5.0405
5.1657
5.1421
5.2845
5.3045
5.1967
5.0710
5.1945
5.2795
5.0848
5.1127
5.2811
5.3045
5.1790
5.2300
5.1618
5.0829
5.1400
5.1241
5.0945
5.0410
4.7390
4.0705
4.5311
4.4968
4.4463
4.5553
4.5665
4.4091
4.6310
4.7155
4.6857
4.8736
4.8224
5.0185
5.2275
5.3568
5.4990
5.7270
5.8639
5.8216
5.9945
5.8618
6.1425
6.2774
6.1750
6.2948
6.3562
5.9370
5.2852
5.0053
4.5355
3.9660
3.7032
3.5652
3.5933
3.4378
2.6924
2.1977
1.9065
1.7200
1.6848
1.7568
1.8250
1.7450
1.7605
1.7320
1.7136
1.6473
1.6590
1.6100
1.2547
1.2110
1.1890
1.1853
1.1510
1.1524
1.0881
0.9362
0.9205
0.9690
0.9552
0.9418
0.9522
0.9145
0.9005
0.9447
0.9535
0.9581
1.0395
1.2881
1.3576
1.5032
1.6814
1.7945
2.1075
2.2227
2.3710
2.5795
2.7959
2.8367
2.9019
3.0364
3.2875
3.5183
3.4943
3.7925
3.9745
3.9710
4.3360
4.5395
4.6278
4.7216
4.8364
4.9177
5.0765
5.0904
4.9300
5.0462
5.0733
4.9730
5.1052
5.1632
5.0800
5.0067
4.8677
4.7419
4.9610
4.3170
3.9942
4.0027
3.3545
3.0665
2.8200
2.1740
1.2835
1.3118
1.7643
1.8905
1.6550
1.7529
1.1467
0.6859
0.1939
0.0395
0.1295
0.2953
0.2159
0.1581
0.1770
0.1786
0.1836
0.1719
0.1233
0.0743
0.0521
0.0545
0.0616
0.1089
0.1504
0.1623
0.1600
0.1236
0.1576
0.1550
0.1519
0.1345
0.1430
0.1409
0.1520
0.1321
0.1004
0.0585
0.0410
0.0373
0.0375
0.0243
0.0138
0.0190
0.0140
0.0114
0.0345
0.0920
0.0841
0.0838
0.0895
0.0914
0.0971
0.1026
0.1053
0.1048
0.0935
0.0700
0.0743
0.0989
0.0870
0.0600
0.0441
0.0505
0.0355
0.0436
0.0160
0.0473
0.0679
0.0667
0.0433
0.0526
0.0524
0.0310
0.0324
0.0357
0.0264
0.0329
0.0200
0.0168
0.0217
0.0291
0.0275
0.0179
0.0277
0.0232
0.0165
0.0150
0.0323
0.0719
0.0243
0.0167
0.1263
0.2286
0.2200
